15,15,7,13,4,15,14,11,7,8,8,5,9,9,7,8,9,4,3
11,8,0,15,15,14,8,3,4,7,7,7,10,3,13,14,10,12,8
11,14,4,7,4,2,15,3,8,4,7,12,11,13,5,5,0,9,2
4,11,12,5,10,7,3,2,6,1,1,6,8,14,13,11,6,12,14
8,7,4,5,4,1,9,13,14,6,3,8,0,5,9,12,9,7,10
8,12,2,7,3,2,9,8,5,9,3,2,12,10,5,7,14,8,5
10,13,13,8,8,11,3,10,4,5,11,6,4,10,7,5,2,5,1
5,9,0,8,3,14,11,9,3,14,15,0,11,3,7,3,4,9,13
11,8,12,11,1,4,2,8,4,12,13,6,11,9,3,7,2,4,12
11,3,15,15,12,12,6,5,0,4,5,15,12,1,2,14,0,13,7
11,6,0,8,15,9,11,13,13,8,10,9,10,0,3,5,5,13,6
1,1,2,13,11,7,14,1,15,15,13,9,8,14,7,2,8,11,4
13,8,7,14,8,11,7,4,1,11,9,0,0,13,5,3,14,10,11
12,10,5,3,13,15,9,11,0,4,14,8,14,10,6,1,5,7,13
7,14,9,9,10,13,2,1,14,2,14,5,2,15,3,9,1,4,1
10,13,6,5,4,4,6,12,8,5,5,9,2,1,10,13,15,2,0
11,14,11,3,15,9,13,14,9,3,1,9,8,9,4,5,3,6,12
9,7,0,2,6,12,3,6,11,2,10,5,2,13,10,4,5,13,9
3,10,0,5,1,14,9,2,8,7,7,9,2,10,6,10,11,6,0
