15,11,11,4,8,8,10,5,11,11,11,1,13,12,7,10,11,9,3
15,8,14,11,7,12,13,9,8,3,6,1,8,10,14,13,14,7,10
7,0,4,12,4,2,13,0,12,15,0,2,7,5,9,6,11,0,0
13,15,7,5,5,7,8,8,11,15,8,13,14,3,9,5,3,2,5
4,15,4,10,4,3,8,3,1,12,15,11,8,13,10,4,15,6,1
15,14,2,7,1,2,11,14,4,12,9,7,11,15,13,4,9,12,14
14,8,15,3,9,9,3,11,2,6,11,14,7,9,2,6,13,3,9
11,3,3,2,13,8,10,9,8,5,13,1,4,11,1,12,14,6,2
7,4,8,6,14,5,4,3,4,0,13,15,1,0,14,8,9,11,8
8,7,4,1,6,9,5,14,12,4,8,15,11,4,2,5,3,2,7
8,7,7,1,3,3,11,15,13,5,10,13,9,14,14,5,1,10,7
5,7,12,6,8,2,6,0,6,15,9,9,0,8,5,9,9,5,9
9,10,11,8,0,12,4,11,11,12,10,8,0,14,2,2,8,2,2
9,3,13,14,5,10,10,3,9,1,0,14,13,10,15,1,9,13,10
7,13,5,13,9,5,7,7,3,2,3,7,5,6,3,10,4,10,6
8,14,5,11,12,7,5,3,7,14,5,2,3,1,9,13,5,4,10
9,10,0,6,9,14,2,4,2,0,5,8,14,5,1,15,3,5,11
4,12,9,12,7,8,5,9,4,13,13,11,10,7,4,2,6,13,6
3,8,2,14,10,5,1,13,12,7,6,4,11,13,1,0,12,9,0
